102
710040
2
6
4
3
1
5
710041
4
6
5
3
2
1
710042
4
3
2
5
1
6
710043
2
1
4
6
5
3
710044
6
5
3
2
4
1
710045
3
6
2
4
1
5
710046
3
2
5
6
4
1
710047
6
5
1
4
3
2
710048
2
1
6
4
5
3
710049
3
4
1
5
2
6
710050
3
5
6
2
4
1
710051
5
1
4
6
2
3
710052
1
4
5
2
6
3
710053
6
2
3
4
5
1
710054
3
6
2
5
1
4
710055
4
5
3
1
2
6
710056
2
1
6
3
4
5
710057
4
5
3
6
2
1
710058
5
6
3
4
1
2
710059
3
5
4
2
6
1
710060
5
1
6
3
4
2
710061
4
1
2
6
3
5
710062
1
4
5
2
3
6
710063
1
6
3
2
5
4
710064
2
3
5
6
4
1
710065
6
4
3
1
2
5
710066
4
5
2
1
3
6
710067
5
1
4
2
6
3
710068
4
2
1
5
3
6
710069
1
3
6
2
4
5
710070
4
1
5
3
2
6
710071
4
5
2
3
1
6
710072
5
1
2
6
4
3
710073
3
6
1
2
4
5
710074
5
4
2
6
3
1
710075
1
4
5
2
6
3
710076
5
1
4
2
3
6
710077
1
3
5
2
4
6
710078
3
1
6
2
4
5
103
710079
4
1
5
6
3
2
710080
4
3
6
2
5
1
710081
2
6
4
1
3
5
710082
5
6
2
4
3
1
710083
3
2
1
6
5
4
710084
2
1
6
5
4
3
710085
1
4
2
3
5
6
710086
2
4
5
3
1
6
710087
1
3
4
6
5
2
710088
3
2
5
4
6
1
710089
5
3
6
2
4
1
710090
3
4
5
1
6
2
710091
3
4
5
1
2
6
710092
5
2
1
6
4
3
710093
4
2
3
5
6
1
710094
2
6
3
4
1
5
710095
3
4
1
2
6
5
710096
4
6
2
1
3
5
710097
6
5
2
3
1
4
710098
2
3
1
5
4
6
710099
4
2
1
5
3
6
710100
6
1
4
5
3
2
710101
2
4
3
6
5
1
710102
3
5
2
4
6
1
710103
5
1
2
3
4
6
710104
5
3
2
1
4
6
710105
6
3
5
2
4
1
710106
6
2
1
3
5
4
710107
2
1
5
4
3
6
710108
2
1
4
6
5
3
710109
4
6
3
2
1
5
710110
3
1
4
6
2
5
710111
2
5
4
1
6
3
710112
4
6
2
1
3
5
710113
6
2
1
3
4
5
710114
2
3
6
1
5
4
710115
5
6
4
3
1
2
710116
1
6
5
4
2
3
710117
5
4
2
1
3
6
710118
5
3
2
6
4
1
104
710119
4
5
3
1
6
2
710120
6
2
1
4
3
5
710121
6
1
4
3
2
5
710122
1
6
5
3
4
2
710123
6
2
3
5
4
1
710124
4
2
3
1
6
5
710125
2
6
5
3
1
4
710126
3
2
5
6
1
4
710127
6
1
5
2
3
4
710128
1
4
5
6
2
3
710129
3
6
5
1
4
2
710130
5
3
2
6
1
4
710131
5
2
6
3
1
4
710132
3
5
1
2
4
6
710133
4
2
1
3
5
6
710134
3
5
4
2
6
1
710135
1
2
5
6
3
4
710136
1
6
2
4
5
3
710137
3
2
1
4
6
5
710138
6
2
3
5
4
1
710139
5
3
6
2
4
1
710140
4
3
2
6
5
1
710141
5
4
6
3
1
2
710142
4
2
5
1
6
3
710143
6
5
1
4
2
3
710144
1
5
3
4
6
2
710145
1
2
6
4
3
5
710146
6
5
3
4
2
1
710147
4
6
3
5
2
1
710148
5
2
4
1
3
6
710149
5
2
6
4
1
3
710150
1
4
3
6
2
5
710151
2
6
3
1
5
4
710152
6
5
1
4
3
2
710153
5
2
6
4
3
1
710154
3
4
5
1
2
6
710155
5
6
4
2
3
1
710156
4
3
6
5
1
2
710157
5
3
1
4
2
6
112
710431
1
6
4
2
3
5
710432
4
3
6
2
5
1
710433
5
4
3
6
2
1
710434
2
5
4
6
3
1
710435
3
2
1
4
5
6
710436
6
4
3
2
5
1
710437
4
1
5
6
3
2
710438
6
5
4
1
2
3
710439
5
3
1
4
6
2
710440
3
2
5
4
6
1
710441
1
6
3
5
4
2
710442
3
1
5
4
6
2
710443
6
5
4
1
2
3
710444
4
1
5
2
6
3
710445
6
2
1
3
4
5
710446
4
2
5
3
6
1
710447
3
4
1
2
6
5
710448
5
6
3
4
1
2
710449
6
5
3
2
1
4
710450
4
5
2
6
3
1
710451
6
5
2
3
1
4
710452
6
1
4
5
3
2
710453
4
6
3
5
2
1
710454
3
5
2
4
6
1
710455
6
3
1
5
4
2
710456
6
2
5
3
4
1
710457
4
6
1
2
3
5
710458
6
4
1
3
5
2
710459
3
6
2
5
4
1
710460
6
4
2
5
3
1
710461
4
6
3
2
1
5
710462
3
1
4
6
2
5
710463
3
1
5
4
6
2
710464
4
1
5
3
2
6
710465
6
2
1
3
4
5
710466
6
4
2
1
5
3
710467
1
3
5
6
2
4
710468
4
3
1
5
2
6
710469
3
4
2
6
5
1
710470
2
6
5
1
4
3